Test 1: Straight line with top speed followed by stop command (x, y recorded at 10.0 Hz)
[0.0, 0.0;
0.0, 0.0;
0.0, 0.0;
0.0, 0.0;
0.0, 0.0;
0.0, 0.0;
0.0, 0.0;
0.0, 0.0;
0.0, 0.0;
0.00351220231558, -1.14218189382e-06;
0.00936585798407, -1.44675358558e-05;
0.0179510602852, -7.03067996062e-05;
0.0382429445885, -0.0002550828763;
0.0718021734868, -0.000604328711826;
0.114726312346, -0.00109291600625;
0.162723649164, -0.00160802775821;
0.214624341958, -0.00204687180329;
0.277452995431, -0.00174053058818;
0.330916115643, -0.00153198158638;
0.39959673238, -0.00211262374786;
0.476862634554, -0.00274071906252;
0.572468633038, -0.00187070322861;
0.653246406488, -0.00118809982479;
0.749631636559, -0.00219088897094;
0.852651974944, -0.00312868732955;
0.947467908757, -0.00152662359945;
1.07778958769, 0.000759961979828;
1.20110404426, -8.22021226378e-05;
1.32988088022, -0.00108731379339;
1.48360305575, 0.00215762522023;
1.60767809556, 0.0045354074578;
1.75635330549, 0.0029902277817;
1.91322423922, 0.00146191007856;
2.07750894163, -0.000192067611394;
2.26749562644, 0.00468136384085;
2.41924835323, 0.0086723221357;
2.62324736782, 0.0150277518139;
2.78863418547, 0.0200732623;
2.98452711225, 0.0181014301921;
3.18666491891, 0.0161982222134;
3.42104733125, 0.0247144307965;
3.63497120418, 0.0421668502952;
3.82255065881, 0.0491046557699;
4.03444764055, 0.0475230489536;
4.24439572352, 0.0462973830534;
4.45629726388, 0.0455427014537;
4.66468724892, 0.0450038355716;
4.87073593582, 0.044538032171;
5.10548508692, 0.0536858779845;
5.29033878651, 0.0604111834871;
5.49911176119, 0.0585890147126;
5.70866789246, 0.0571007659594;
5.92056830968, 0.0560782521552;
6.15803795741, 0.0655642291811;
6.34168467695, 0.0731968935519;
6.54851369401, 0.0726642749155;
6.75846377758, 0.0718505103837;
6.96841328746, 0.0709001933859;
7.15169151985, 0.0779824893543;
7.38762790538, 0.0867183072167;
7.62550554197, 0.0957565608794;
7.80800838446, 0.102690827624;
8.01600639803, 0.101686759564;
8.25268979966, 0.111299936522;
8.43674306108, 0.118537510827;
8.64708253585, 0.117526323599;
8.85547193642, 0.116795591836;
9.09177137406, 0.126245070142;
9.30063733896, 0.143303667487;
9.48314871588, 0.15000955045;
9.69153553468, 0.148740696375;
9.90343598995, 0.147726099358;
10.1145552626, 0.146577925729;
10.3237229595, 0.145372341648;
10.5328913963, 0.144302802052;
10.7695807725, 0.153767735425;
10.9520717957, 0.161006383986;
11.160460094, 0.160009710266;
11.3441208194, 0.167297583338;
11.5804291569, 0.176521818273;
11.791158208, 0.175378982918;
12.0014973801, 0.174306666925;
12.2141794719, 0.173568238002;
12.4237406454, 0.173249547727;
12.6321311783, 0.17300040707;
12.8377896622, 0.172553889362;
13.0469587646, 0.171623587889;
13.2498833833, 0.170589074045;
13.4430542975, 0.170295308841;
13.6311519332, 0.169948090033;
13.7918352941, 0.175545537161;
13.9871990371, 0.18317357618;
14.1503190728, 0.184031901479;
14.3075836047, 0.185166285344;
14.4578239143, 0.18625000194;
14.6026033764, 0.186870570596;
14.7430909793, 0.187244306788;
14.8757741751, 0.187295240956;
15.0181675695, 0.190912170202;
15.1227112353, 0.193873024174;
15.2370524349, 0.194212518438;
15.3435890324, 0.194424900831;
15.4302008568, 0.196399420422;
15.5331971558, 0.198814368356;
15.6190507644, 0.199013239714;
15.6998313493, 0.199121549188;
15.7829441298, 0.200367955861;
15.8410825626, 0.201334321927;
15.9011799858, 0.201512477413;
15.9487859911, 0.202118006455;
16.0038062709, 0.202799954918;
16.0494632568, 0.203187716446;
16.078340403, 0.203423578389;
16.1044867932, 0.203441579073;
16.1251697586, 0.20345581842;
16.1399990448, 0.203475672846;
16.1485844057, 0.203495543498;
16.1501453777, 0.203500171613;
16.1485844043, 0.203496051132;
16.1478039164, 0.203494498526;
16.1474136722, 0.203493849132;
16.1474136722, 0.203493849132;
16.1474136722, 0.203493849132]

Test 2: Straight line with top speed followed by reverse command
[-0.00507303708916, -3.99756098639e-05;
-0.00507303708916, -3.99756098639e-05;
-0.00507303708916, -3.99756098639e-05;
-0.00507303708916, -3.99756098639e-05;
-0.00507303708916, -3.99756098639e-05;
-0.00507303708916, -3.99756098639e-05;
-0.00507303708916, -3.99756098639e-05;
-0.00507303708916, -3.99756098639e-05;
-0.00507303708916, -3.99756098639e-05;
-0.00507303708916, -3.99756098639e-05;
-0.00507303708916, -3.99756098639e-05;
-0.00507303708916, -3.99756098639e-05;
-0.00507303708916, -3.99756098639e-05;
-0.00507303708916, -3.99756098639e-05;
-0.00507303708916, -3.99756098639e-05;
-0.00507303708916, -3.99756098639e-05;
-0.00507303708916, -3.99756098639e-05;
-0.00507303708916, -3.99756098639e-05;
-0.00195110308145, -2.7792632455e-05;
0.00624380685902, 3.35023768942e-05;
0.0159990995397, 0.000160405091926;
0.0362905847192, 0.000384770837337;
0.0682902712519, 0.000540863077919;
0.11667926357, 0.000178969267698;
0.166625240887, -0.000551896950618;
0.220476618692, -0.00105966999762;
0.270817014336, -0.000715934015176;
0.325449747848, -0.000307377608423;
0.403106083364, 0.000298593660176;
0.479964948125, 0.00202315955112;
0.574793129894, 0.00251697682157;
0.667662727077, 0.00124965157075;
0.752297471861, -0.0016118525843;
0.858830091897, -0.00255661918985;
0.96918476817, 0.00176481408255;
1.08575823397, 0.00682344011705;
1.20818158807, 0.0120960314428;
1.35450521447, 0.0144004324711;
1.49108176139, 0.0128232866039;
1.63663102901, 0.010953166243;
1.76655407741, 0.0136719729916;
1.92396007032, 0.0225978905059;
2.08758154637, 0.0321965872949;
2.25509877185, 0.0420238244837;
2.4540714566, 0.0465785014086;
2.63747563689, 0.0445845010059;
2.80286640958, 0.0494986577483;
2.97489168469, 0.0544986251043;
3.20073484629, 0.0615010885857;
3.40814849303, 0.0771139340696;
3.62211308403, 0.0940598527819;
3.86508174138, 0.102706417866;
4.05187974333, 0.109655719941;
4.26033800404, 0.126910643735;
4.44478256336, 0.134129023;
4.67990187355, 0.143786537889;
4.91150885936, 0.153374624489;
5.09282453891, 0.160704943029;
5.3295278161, 0.169815615438;
5.48679023718, 0.168418929328;
5.72315507299, 0.17605969237;
5.93439640291, 0.192790887229;
6.14518761753, 0.210245414406;
6.38150359043, 0.219271920737;
6.58833075004, 0.218246234924;
6.79945173211, 0.217473889787;
6.95593841319, 0.216799632035;
7.18953871915, 0.225345965462;
7.39610585034, 0.241781505806;
7.60659008386, 0.258184341694;
7.84490734369, 0.265819190801;
8.05406705291, 0.263629465177;
8.26362198375, 0.261980830601;
8.44768539782, 0.26895543627;
8.63136330035, 0.275796728613;
8.86652341597, 0.284403565097;
9.10362204711, 0.29338790648;
9.31357002231, 0.292143916316;
9.47005289285, 0.290860480035;
9.70289460195, 0.298772579824;
9.91340014306, 0.31489966113;
10.0986655275, 0.321013694735;
10.335017491, 0.329042780402;
10.5705815556, 0.33727347055;
10.7816973694, 0.33560651293;
10.9646125793, 0.341938509635;
11.1475298239, 0.348211453246;
11.381130383, 0.356750862652;
11.6155053338, 0.365470007107;
11.8156977092, 0.364343907915;
11.9833458904, 0.35708561831;
12.1745646158, 0.356411414232;
12.3570500949, 0.370451289388;
12.5055957566, 0.376845975724;
12.6872939467, 0.384373248089;
12.8608016845, 0.391617484715;
13.0106529573, 0.392517135783;
13.1378102631, 0.396503598296;
13.2765065622, 0.404508697161;
13.4082233652, 0.411509436104;
13.5329383588, 0.417894024112;
13.6510239114, 0.424016235805;
13.7774156465, 0.427483707576;
13.8816109854, 0.427463256862;
13.969401304, 0.429072283292;
14.0513369157, 0.430680429651;
14.1481046283, 0.432265354247;
14.2276704679, 0.434914329305;
14.300214206, 0.43737675462;
14.3743444684, 0.438928284767;
14.4336606087, 0.439282480435;
14.4800942234, 0.439997651696;
14.5214556638, 0.440607804981;
14.5667207104, 0.441157801066;
14.5994953637, 0.441779890845;
14.62798145, 0.442098208074;
14.6467130453, 0.442173507554;
14.6568593388, 0.442210995163;
14.6658348555, 0.442255832795;
14.667005575, 0.442261681182;
14.6634934009, 0.442247562528;
14.6549080864, 0.442213050264;
14.638517855, 0.442173813896;
14.6092497771, 0.442046641801;
14.5831039539, 0.441873516778;
14.5378366861, 0.442191960349;
14.4933592293, 0.443155771864;
14.4430316994, 0.44434460236;
14.3833258752, 0.444784204906;
14.3384485306, 0.444516494113;
14.3044972405, 0.444523741783;
14.277180236, 0.444440746918;
14.2557171176, 0.444319704147;
14.2401075061, 0.444394109484;
14.2326931783, 0.444463206689;
14.2315224657, 0.444470309628;
14.2323029485, 0.44446709722;
14.2326931917, 0.444465998649;
14.2330834361, 0.444465534622;
14.2330834361, 0.444465534622;
14.2330834361, 0.444465534622;
14.2330834361, 0.444465534622;
14.2330834361, 0.444465534622;
14.2330834361, 0.444465534622;
14.2330834361, 0.444465534622;
14.2330834361, 0.444465534622;
14.2330834361, 0.44446553462]