Test 1: (readings 50-75 are in a straight line)
[-0.06579 0.00956677 -1.74108;
-0.0622126 0.00457159 -1.74837;
-0.0556462 0.00067919 -1.75562;
-0.0517994 0.00919495 -1.75678;
-0.0436592 0.0107249 -1.76534;
-0.0448001 0.0115969 -1.7686;
-0.055543 0.019127 -1.76989;
-0.0496351 0.0056594 -1.75738;
-0.0458399 0.00244023 -1.74583;
-0.0474473 -6.92378e-06 -1.7419;
-0.0456631 -0.00632407 -1.75107;
-0.0458954 -0.00184355 -1.75705;
-0.0599225 -0.000273281 -1.77625;
-0.0528679 -0.00408696 -1.77673;
-0.0493085 0.0258667 -1.77825;
-0.0495726 -0.0676467 -1.74803;
-0.0436045 -0.0114297 -1.75156;
-0.0447444 0.0559209 -1.75662;
-0.0527593 0.0475938 -1.76217;
-0.048566 0.053837 -1.77273;
-0.046808 0.0510256 -1.77444;
-0.0357235 0.0512911 -1.77223;
-0.0335744 0.058801 -1.7769;
-0.0291445 0.0610149 -1.78251;
-0.0330765 0.0454011 -1.78893;
-0.0310643 0.0386953 -1.79501;
-0.0141106 0.0295855 -1.76808;
6.86525e-05 0.020424 -1.7474;
-0.0107188 0.0219323 -1.73949;
-0.0341711 0.0268382 -1.72986;
-0.0228935 0.0318467 -1.7303;
-0.0258608 0.0209236 -1.72748;
-0.0186824 0.0291853 -1.72055;
-0.0164329 0.0252529 -1.71568;
-0.0225112 0.0322817 -1.72419;
-0.0088504 0.0266658 -1.71703;
-0.0109017 0.0354537 -1.72386;
-0.0140043 0.0352725 -1.72715;
-0.00298709 0.0326012 -1.72297;
0.0103798 0.0217113 -1.71311;
-0.00976232 0.0316913 -1.70419;
0.0259271 0.00707348 -1.68445;
0.0339395 0.00155456 -1.68247;
0.0433444 0.0141236 -1.667;
0.0359835 0.0174921 -1.65907;
0.0394535 0.0188864 -1.6537;
0.00782993 0.0258539 -1.66167;
0.0149096 0.0241804 -1.65813;
0.0095856 0.0316306 -1.65356;
0.0129786 0.022415 -1.6477;
0.0232671 0.022264 -1.63283;
0.0158641 0.0165424 -1.63325;
0.0153167 0.0110078 -1.63528;
0.0061337 0.00756884 -1.64254;
0.0108204 0.00673164 -1.6484;
0.0181604 0.0103085 -1.64445;
0.0123395 0.00130931 -1.63792;
0.0252769 0.00379512 -1.62068;
0.0111945 0.0190605 -1.61582;
0.00266464 0.0223286 -1.61839;
-0.00800057 0.00849746 -1.62859;
-0.00215665 0.0212309 -1.63113;
0.000707745 0.0207858 -1.63162;
-5.62528e-05 0.0214937 -1.63576;
0.00388062 0.0217792 -1.63145;
0.00795379 0.00654805 -1.62362;
0.00441601 0.0108637 -1.61608;
0.00369507 0.0237037 -1.61919;
0.00503235 0.0228806 -1.61447;
-0.00150655 0.00921219 -1.62154;
0.00663904 0.0150738 -1.62186;
0.00195532 0.0143362 -1.62516;
0.00902532 0.0141763 -1.61996;
0.00437403 0.0226763 -1.61649;
0.00703301 0.019323 -1.60393;
0.0068819 0.0242695 -1.5955;
0.00268877 0.0323001 -1.5942;
-0.00169436 0.0136777 -1.61391;
0.0045675 0.0176305 -1.63971;
-0.0086169 0.0321938 -1.6774;
-0.00404862 0.0288128 -1.68722;
0.000233149 0.0240256 -1.69378;
0.00110529 0.0349973 -1.70206;
0.00215335 0.0250519 -1.71318;
0.0142118 0.026348 -1.71554;
0.0159156 0.0236559 -1.70038;
0.0147886 0.0207274 -1.66385;
0.0127679 0.0234748 -1.59606;
0.016947 0.0227206 -1.52437;
0.0170038 0.0215656 -1.39517;
0.0160009 0.0184122 -1.29264;
0.0150571 0.0150236 -1.21733;
0.0184494 0.0153173 -1.16465;
0.0200365 0.0132475 -1.12806;
0.0200435 0.0128242 -1.10865;
0.0243727 0.014806 -1.09756;
0.0202677 0.000820284 -1.08119;
0.019897 -0.00303925 -1.05572;
0.0128871 -0.00610052 -1.04245;
0.00192403 -0.0039404 -1.02612;
-0.0114308 0.00123717 -1.03006;
-0.0302679 0.0107715 -1.04253;
-0.0406995 0.024305 -1.07581;
-0.0443831 0.0323894 -1.13381]

Test 2: (readings 60-100 are in a straight line)
[0.0494427 0.101033 0.79856;
0.0491871 0.101398 0.797565;
0.0487256 0.101677 0.796679;
0.0484136 0.102048 0.795576;
0.0480228 0.102366 0.794344;
0.0475704 0.102659 0.793397;
0.0471701 0.102863 0.792388;
0.0466532 0.103172 0.791603;
0.0462876 0.103498 0.790576;
0.0456336 0.103874 0.789236;
0.0451236 0.10423 0.788241;
0.0445958 0.104476 0.787108;
0.0440629 0.104872 0.785913;
0.0435308 0.105231 0.784659;
0.0428358 0.105695 0.783147;
0.042326 0.106088 0.781972;
0.0417963 0.106458 0.780691;
0.0412584 0.106852 0.779494;
0.0404041 0.107511 0.77787;
0.0398247 0.107935 0.776669;
0.0391329 0.10842 0.775368;
0.038527 0.108872 0.774028;
0.0377426 0.109286 0.772727;
0.0369841 0.109939 0.771032;
0.036309 0.110813 0.769979;
0.0355642 0.111422 0.76853;
0.0349037 0.112031 0.766833;
0.0344555 0.112586 0.765179;
0.0334598 0.113299 0.764599;
0.0324965 0.113441 0.761783;
0.0318311 0.112847 0.755409;
0.0310263 0.111404 0.745603;
0.029955 0.110304 0.740157;
0.0295827 0.110429 0.738521;
0.0284254 0.110826 0.736771;
0.0269256 0.110932 0.731228;
0.0267648 0.109072 0.743786;
0.0293326 0.109482 0.765992;
0.0351324 0.112936 0.794582;
0.0366153 0.110338 0.828133;
0.0339431 0.109382 0.870236;
0.0371767 0.114495 0.928068;
0.0437366 0.112488 1.00825;
0.0513475 0.0912979 1.08388;
0.048775 0.0408721 1.14905;
0.0513464 0.0266433 1.19692;
0.0610032 0.0207487 1.25098;
0.0676339 0.0248226 1.28639;
0.0729203 0.00910708 1.30899;
0.0674529 0.0171062 1.32575;
0.0598117 0.0323436 1.33312;
0.0573802 0.00925453 1.34643;
0.0405647 0.0268298 1.35326;
0.0370946 0.0267765 1.36066;
0.0219393 0.0394653 1.36439;
0.0223846 0.0304321 1.36456;
0.0237018 0.0431245 1.36259;
0.00375079 0.0303839 1.35619;
0.00407252 0.0404035 1.35357;
0.00619196 0.0178389 1.35149;
0.00977759 0.02777 1.36571;
0.0131128 0.0224922 1.36975;
-0.00578768 0.0276307 1.36777;
-0.01059 0.0231937 1.3691;
-0.00455454 0.0193171 1.37409;
-0.00555172 0.0251142 1.37487;
0.00114106 0.0257162 1.37491;
-0.011428 0.0193055 1.37451;
-0.00778153 0.040931 1.38296;
-0.00367903 0.0294425 1.38389;
-0.0160429 0.0408254 1.3845;
-0.00779733 0.0406198 1.38359;
-0.00504072 0.0458323 1.3862;
0.00403059 0.038223 1.38784;
-0.00532018 0.0379285 1.39174;
-0.00211696 0.0303986 1.3945;
0.00267279 0.0342253 1.39164;
-0.00459498 0.0295388 1.39309;
-0.00115383 0.0332214 1.39824;
-0.015835 0.0273921 1.39964;
-0.00924566 0.0251724 1.40317;
-0.0114029 0.0261912 1.40529;
-0.0037306 0.0229651 1.4047;
-0.0157169 0.0179544 1.40888;
-0.0228939 0.0206422 1.40361;
-0.00880331 0.0241312 1.40525;
-0.0201667 0.022492 1.40106;
-0.0114832 0.0311936 1.40594;
-0.0325935 0.0291833 1.39742;
-0.020361 0.0420491 1.4033;
-0.0233664 0.0356141 1.40128;
-0.0302305 0.028153 1.39866;
-0.0291369 0.0357085 1.39879;
-0.0216635 0.0312362 1.39935;
-0.0240348 0.0334518 1.40553;
-0.0171756 0.0258127 1.40717;
-0.02338 0.0293421 1.40701;
-0.0231083 0.0322296 1.40479;
-0.0213544 0.0337841 1.40716;
-0.0217311 0.0304982 1.40455;
-0.0177849 0.0351572 1.40816]

