Test 1:
[-0.14709975, -0.0784532, 9.7674234;
-0.14709975, -0.0784532, 9.7674234;
-0.14709975, -0.0784532, 9.7870367;
-0.14709975, -0.0784532, 9.7870367;
-0.14709975, -0.0784532, 9.7870367;
-0.14709975, -0.0784532, 9.7870367;
-0.14709975, -0.0784532, 9.7870367;
-0.1569064, -0.08825985, 9.77723005;
-0.1569064, -0.08825985, 9.77723005;
-0.1569064, -0.08825985, 9.77723005;
-0.1569064, -0.08825985, 9.77723005;
-0.1569064, -0.08825985, 9.77723005;
-0.14709975, -0.0784532, 9.7870367;
-0.14709975, -0.0784532, 9.7870367;
-0.14709975, -0.0784532, 9.7870367;
-0.14709975, -0.0784532, 9.7870367;
-0.14709975, -0.0784532, 9.7870367;
-0.14709975, -0.0784532, 9.7870367;
-0.14709975, -0.0784532, 9.7870367;
-0.14709975, -0.0784532, 9.7870367;
-0.14709975, -0.0784532, 9.7870367;
-0.14709975, -0.0784532, 9.7870367;
-0.14709975, -0.0784532, 9.7870367;
-0.14709975, -0.0784532, 9.7870367;
-0.14709975, -0.0784532, 9.7870367;
-0.14709975, -0.0784532, 9.7870367;
-0.14709975, -0.0784532, 9.7870367;
-0.14709975, -0.0784532, 9.7870367;
0.91201845, 0.3334261, 8.6494653;
0.91201845, 0.3334261, 8.6494653;
0.91201845, 0.3334261, 8.6494653;
0.91201845, 0.3334261, 8.6494653;
0.91201845, 0.3334261, 8.6494653;
0.36284605, -0.6080123, 7.1392412;
0.36284605, -0.6080123, 7.1392412;
0.36284605, -0.6080123, 7.1392412;
0.36284605, -0.6080123, 7.1392412;
1.38273765, -0.5491724, 10.7284751;
1.38273765, -0.5491724, 10.7284751;
1.38273765, -0.5491724, 10.7284751;
1.38273765, -0.5491724, 10.7284751;
1.38273765, -0.5491724, 10.7284751;
-1.24544455, -3.46174745, 5.99186315;
-1.24544455, -3.46174745, 5.99186315;
-1.24544455, -3.46174745, 5.99186315;
-1.24544455, -3.46174745, 5.99186315;
-1.24544455, -3.46174745, 5.99186315;
0.53936575, 7.05098135, 11.9052731;
0.53936575, 7.05098135, 11.9052731;
0.53936575, 7.05098135, 11.9052731;
0.53936575, 7.05098135, 11.9052731;
0.53936575, 7.05098135, 11.9052731;
0.9022118, -1.71616375, 9.2770909;
0.9022118, -1.71616375, 9.2770909;
0.9022118, -1.71616375, 9.2770909;
0.9022118, -1.71616375, 9.2770909;
0.9022118, -1.71616375, 9.2770909;
-3.34406765, -0.784532, 7.95319315;
-3.34406765, -0.784532, 7.95319315;
-3.34406765, -0.784532, 7.95319315;
-3.34406765, -0.784532, 7.95319315;
-3.34406765, -0.784532, 7.95319315;
-0.57859235, 5.22694445, 10.8853815;
-0.57859235, 5.22694445, 10.8853815;
-0.57859235, 5.22694445, 10.8853815;
-0.57859235, 5.22694445, 10.8853815;
-0.57859235, 5.22694445, 10.8853815;
1.81423025, -1.8828768, 13.42530385;
1.81423025, -1.8828768, 13.42530385;
1.81423025, -1.8828768, 13.42530385;
1.81423025, -1.8828768, 13.42530385;
1.81423025, -1.8828768, 13.42530385;
-0.1372931, -2.8047019, 7.91396655;
-0.1372931, -2.8047019, 7.91396655;
-0.1372931, -2.8047019, 7.91396655;
-0.1372931, -2.8047019, 7.91396655;
-1.08853815, 4.7464186, 9.9243298;
-1.08853815, 4.7464186, 9.9243298;
-1.08853815, 4.7464186, 9.9243298;
-1.08853815, 4.7464186, 9.9243298;
-1.08853815, 4.7464186, 9.9243298;
3.57942725, -5.8447634, 12.09159945;
3.57942725, -5.8447634, 12.09159945;
3.57942725, -5.8447634, 12.09159945;
3.57942725, -5.8447634, 12.09159945;
3.57942725, -5.8447634, 12.09159945;
0.5687857, 1.3925443, 10.9246081;
0.5687857, 1.3925443, 10.9246081;
0.5687857, 1.3925443, 10.9246081;
0.5687857, 1.3925443, 10.9246081;
0.5687857, 1.3925443, 10.9246081;
-2.85373515, -0.8237586, 8.85540495;
-2.85373515, -0.8237586, 8.85540495;
-2.85373515, -0.8237586, 8.85540495;
-2.85373515, -0.8237586, 8.85540495;
-3.12832135, -3.2950344, 6.668522;
-3.12832135, -3.2950344, 6.668522;
-3.12832135, -3.2950344, 6.668522;
-3.12832135, -3.2950344, 6.668522;
-3.12832135, -3.2950344, 6.668522;
0.57859235, 0.36284605, 10.73828175;
0.57859235, 0.36284605, 10.73828175;
0.57859235, 0.36284605, 10.73828175;
0.57859235, 0.36284605, 10.73828175;
0.57859235, 0.36284605, 10.73828175;
-0.24516625, -2.08881645, 8.9436648;
-0.24516625, -2.08881645, 8.9436648;
-0.24516625, -2.08881645, 8.9436648;
-0.24516625, -2.08881645, 8.9436648;
-2.16726965, -1.59848395, 9.5909037;
-2.16726965, -1.59848395, 9.5909037;
-2.16726965, -1.59848395, 9.5909037;
-2.16726965, -1.59848395, 9.5909037;
-2.16726965, -1.59848395, 9.5909037;
-0.26477955, -0.1372931, 9.71839015;
-0.26477955, -0.1372931, 9.71839015;
-0.26477955, -0.1372931, 9.71839015;
-0.26477955, -0.1372931, 9.71839015;
-0.26477955, -0.1372931, 9.71839015;
-0.22555295, 0.00980665, 9.69877685;
-0.22555295, 0.00980665, 9.69877685;
-0.22555295, 0.00980665, 9.69877685;
-0.22555295, 0.00980665, 9.69877685;
-0.22555295, 0.00980665, 9.69877685;
-0.2157463, -0.2157463, 9.8262633;
-0.2157463, -0.2157463, 9.8262633;
-0.2157463, -0.2157463, 9.8262633;
-0.2157463, -0.2157463, 9.8262633;
-0.2157463, -0.2157463, 9.8262633;
-0.20593965, -0.10787315, 9.77723005;
-0.20593965, -0.10787315, 9.77723005;
-0.20593965, -0.10787315, 9.77723005;
-0.20593965, -0.10787315, 9.77723005;
-0.20593965, -0.10787315, 9.77723005;
-0.2157463, -0.14709975, 9.79684335;
-0.2157463, -0.14709975, 9.79684335;
-0.2157463, -0.14709975, 9.79684335;
-0.2157463, -0.14709975, 9.79684335;
-0.196133, -0.12748645, 9.7870367;
-0.196133, -0.12748645, 9.7870367;
-0.196133, -0.12748645, 9.7870367;
-0.196133, -0.12748645, 9.7870367;
-0.196133, -0.12748645, 9.7870367;
-0.20593965, -0.1372931, 9.7870367;
-0.20593965, -0.1372931, 9.7870367;
-0.20593965, -0.1372931, 9.7870367;
-0.20593965, -0.1372931, 9.7870367;
-0.20593965, -0.1372931, 9.7870367;
-0.20593965, -0.12748645, 9.7870367;
-0.20593965, -0.12748645, 9.7870367;
-0.20593965, -0.12748645, 9.7870367;
-0.20593965, -0.12748645, 9.7870367;
-0.20593965, -0.12748645, 9.7870367;
-0.20593965, -0.1372931, 9.7870367;
-0.20593965, -0.1372931, 9.7870367;
-0.20593965, -0.1372931, 9.7870367;
-0.20593965, -0.1372931, 9.7870367;
-0.20593965, -0.1372931, 9.7870367;
-0.20593965, -0.1372931, 9.7870367;
-0.20593965, -0.1372931, 9.7870367;
-0.20593965, -0.1372931, 9.7870367;
-0.20593965, -0.1372931, 9.7870367;
-0.20593965, -0.1372931, 9.80665;
-0.20593965, -0.1372931, 9.80665;
-0.20593965, -0.1372931, 9.80665;
-0.20593965, -0.1372931, 9.80665;
-0.20593965, -0.1372931, 9.80665;
-0.20593965, -0.1372931, 9.77723005;
-0.20593965, -0.1372931, 9.77723005;
-0.20593965, -0.1372931, 9.77723005;
-0.20593965, -0.1372931, 9.77723005;
-0.20593965, -0.1372931, 9.77723005;
-0.196133, -0.1372931, 9.7870367;
-0.196133, -0.1372931, 9.7870367;
-0.196133, -0.1372931, 9.7870367;
-0.196133, -0.1372931, 9.7870367;
-0.196133, -0.1372931, 9.7870367;
-0.20593965, -0.1372931, 9.77723005;
-0.20593965, -0.1372931, 9.77723005;
-0.20593965, -0.1372931, 9.77723005;
-0.20593965, -0.1372931, 9.77723005;
-0.20593965, -0.1372931, 9.77723005;
-0.20593965, -0.1372931, 9.7870367;
-0.20593965, -0.1372931, 9.7870367;
-0.20593965, -0.1372931, 9.7870367;
-0.20593965, -0.1372931, 9.7870367;
-0.20593965, -0.1372931, 9.7870367;
-0.20593965, -0.12748645, 9.77723005;
-0.20593965, -0.12748645, 9.77723005;
-0.20593965, -0.12748645, 9.7772300]