Test 1:
[-0.0387234 0.00540671 -1.6105;
-0.0398863 0.0105415 -1.61968;
-0.0292028 0.00821097 -1.6273;
-0.035648 0.00845103 -1.63107;
-0.0320472 0.00263468 -1.62946;
-0.0387615 0.00926122 -1.61898;
-0.0362212 0.0172561 -1.60919;
-0.0471872 0.0108295 -1.60833;
-0.0412761 0.0119893 -1.61466;
-0.0392577 0.0180037 -1.62224;
-0.0400517 0.0064299 -1.63123;
-0.0335725 0.00499129 -1.63448;
-0.0439036 0.00311292 -1.63392;
-0.0407796 0.008695 -1.62877;
-0.0422868 0.00799439 -1.61926;
-0.0491579 0.00965517 -1.60995;
-0.0425189 0.00777595 -1.60703;
-0.0362077 0.00862728 -1.60949;
-0.0393437 0.00999517 -1.61615;
-0.0354352 0.00939945 -1.62288;
-0.0344168 0.00770589 -1.62869;
-0.0326153 0.0115202 -1.63357;
-0.0331505 0.0120604 -1.63561;
-0.0352357 0.0102562 -1.6346;
-0.0355838 0.0111729 -1.63601;
-0.032876 0.0108388 -1.6353;
-0.0338125 0.00700223 -1.63318;
-0.0338147 0.00791372 -1.6314;
-0.0289487 0.00794605 -1.6298;
-0.0278459 0.010327 -1.62957;
-0.0276784 0.00930559 -1.63174;
-0.0265971 0.00995115 -1.63569;
-0.0264919 0.0108853 -1.63899;
-0.0256565 0.0116932 -1.64404;
-0.023144 0.012922 -1.64713;
-0.0237569 0.00892313 -1.64635;
-0.0281719 0.0131398 -1.64669;
-0.0236103 0.00700089 -1.64653;
-0.0242748 0.0108173 -1.64375;
-0.0192521 0.00824314 -1.63859;
-0.0236124 0.00749006 -1.63417;
-0.0250444 0.00973671 -1.6372;
-0.0181463 0.0101174 -1.64267;
-0.0173762 0.00975811 -1.64862;
-0.0167082 0.0100202 -1.65224;
-0.0199157 0.00609486 -1.65224;
-0.0200913 0.0088885 -1.65247;
-0.0222088 0.00784458 -1.65275;
-0.0239095 0.00733367 -1.65275;
-0.019621 0.00488864 -1.65076;
-0.0230691 0.0107618 -1.64765;
-0.0155804 0.00692902 -1.64139;
-0.0213078 0.0115179 -1.63698;
-0.0217148 0.0149108 -1.63963;
-0.0237752 0.011569 -1.64495;
-0.0195688 0.00968013 -1.65193;
-0.0174918 0.0141163 -1.65813;
-0.0182847 0.0105239 -1.65896;
-0.0213744 0.0138574 -1.65493;
-0.0213706 0.0104196 -1.65506;
-0.0196985 0.00917779 -1.65812;
-0.019643 0.0111173 -1.66057;
-0.0219577 0.00701754 -1.65764;
-0.0208912 0.00730862 -1.64954;
-0.0256195 0.00747443 -1.64365;
-0.0188446 0.00649552 -1.64069;
-0.0238915 0.00948116 -1.64259;
-0.0181571 0.00729486 -1.65079;
-0.0185489 0.00745584 -1.66064;
-0.0183908 0.00771241 -1.66883;
-0.0196335 0.00867852 -1.67449;
-0.0178155 0.0038111 -1.67281;
-0.0224183 0.00122493 -1.6677;
-0.0231358 0.00268911 -1.6623;
-0.0239119 0.00496919 -1.65802;
-0.021112 0.00276551 -1.65559;
-0.0218747 0.00439951 -1.65444;
-0.0191001 0.00298846 -1.65051;
-0.0203934 0.00313337 -1.64865;
-0.019685 0.00472043 -1.65433;
-0.0146676 0.00578232 -1.66114;
-0.0129565 0.00701419 -1.6672;
-0.0133186 0.00748356 -1.67115;
-0.0167218 0.00581449 -1.67464;
-0.011673 0.00590885 -1.6694;
-0.019823 0.00243667 -1.66574;
-0.0149302 0.00872361 -1.66658;
-0.0134833 0.00839784 -1.66949;
-0.0108085 0.00873262 -1.67046;
-0.0136009 0.00919244 -1.66733;
-0.0179282 0.00640643 -1.66426;
-0.0127366 0.00495537 -1.66255;
-0.0118375 0.0035784 -1.65915;
-0.0154501 0.00472316 -1.65919;
-0.0137355 0.0023789 -1.66411;
-0.0106527 0.00667212 -1.67176;
-0.0108348 0.0120227 -1.67576;
-0.0114841 0.00933761 -1.67805;
-0.0110262 0.00571468 -1.67737;
-0.0107063 0.0024594 -1.67537]

Test 2:
[0.00970223 0.0250343 -1.70224;
0.0107157 0.0274076 -1.70845;
0.0109067 0.0288126 -1.71208;
0.0122131 0.0273259 -1.70966;
0.00785384 0.0245193 -1.7054;
0.00826609 0.0239971 -1.7028;
0.00797285 0.0261115 -1.70099;
0.0106281 0.0280802 -1.6975;
0.00927319 0.0245577 -1.6958;
0.0112962 0.0256365 -1.69799;
0.0114388 0.0243591 -1.70194;
0.0138816 0.0286484 -1.70571;
0.0149182 0.0257387 -1.71137;
0.0154284 0.0243904 -1.71344;
0.0174358 0.0235323 -1.7107;
0.0169705 0.0255164 -1.70873;
0.0142151 0.0255454 -1.70851;
0.0114354 0.0243669 -1.71379;
0.00935251 0.0179979 -1.72019;
0.00847376 0.0155652 -1.7216;
0.0105439 0.0236858 -1.72164;
0.010732 0.0264463 -1.72588;
0.00966208 0.0254733 -1.73103;
0.0082058 0.0227123 -1.73533;
0.00850829 0.0213938 -1.73699;
0.00841354 0.0214989 -1.73789;
0.00786647 0.0204541 -1.73884;
0.00747508 0.0189581 -1.73985;
0.00797149 0.0194402 -1.73986;
0.00978732 0.0198024 -1.74338;
0.01051 0.0204136 -1.74968;
0.00861257 0.0206576 -1.75802;
0.0105202 0.0172421 -1.75471;
0.0128158 0.0197193 -1.75021;
0.01457 0.0181781 -1.7453;
0.0160184 0.0181141 -1.7418;
0.0191272 0.0181071 -1.73837;
0.017619 0.0164944 -1.7391;
0.015406 0.0150094 -1.74209;
0.011636 0.017275 -1.74279;
0.0152787 0.0169678 -1.7435;
0.0121235 0.0185922 -1.74713;
0.0113417 0.0192689 -1.75014;
0.0133816 0.0157053 -1.75019;
0.0111248 0.0190164 -1.74947;
0.00971129 0.0180659 -1.74965;
0.0111683 0.0171778 -1.74594;
0.0129637 0.0173505 -1.74091;
0.0142915 0.0187144 -1.73879;
0.0153529 0.0179827 -1.73742;
0.0136443 0.0131579 -1.73958;
0.0109288 0.0156303 -1.74247;
0.0141569 0.0173179 -1.74034;
0.0169656 0.0142977 -1.74435;
0.0125194 0.0121939 -1.74866;
0.0109298 0.0121449 -1.74721;
0.0154148 0.00980974 -1.74307;
0.0150832 0.00705659 -1.74178;
0.0193536 0.0106271 -1.73829;
0.0168693 0.0126895 -1.73252;
0.0194067 0.01232 -1.72707;
0.0147181 0.0136247 -1.72935;
0.012882 0.0142365 -1.72925;
0.0111266 0.0123283 -1.73372;
0.0115311 0.0114152 -1.73537;
0.0130982 0.0112304 -1.73594;
0.00760819 0.0108459 -1.73945;
0.0125354 0.010591 -1.73411;
0.0111615 0.012396 -1.72941;
0.0119514 0.0116841 -1.72192;
0.0121119 0.00760846 -1.71888;
0.00688171 0.00665476 -1.72195;
0.00366841 0.00728827 -1.72423;
0.00475186 0.00383117 -1.72737;
0.00389073 0.00408367 -1.72812;
0.00309861 0.00117597 -1.73002;
0.00374158 0.00127628 -1.72969;
0.00147333 0.00310438 -1.72755;
0.00519534 0.00188778 -1.7208;
0.0063509 0.00390822 -1.7162;
0.00565874 -0.00153973 -1.71559;
0.00499682 -0.00258687 -1.71858;
0.00431747 -0.00642106 -1.72387;
0.00219815 -0.00263381 -1.725;
-0.000650582 -0.00636117 -1.727;
0.00258327 -0.00685172 -1.72695;
0.000978799 -0.00164816 -1.72903;
0.000966377 -0.0138378 -1.72829;
0.00155105 -0.00679617 -1.72669;
0.00284685 -0.00725812 -1.7253;
0.00224782 -0.00826623 -1.72083;
0.0056366 -0.00602024 -1.7198;
0.00365361 -0.00323467 -1.72031;
0.00178736 -0.0100812 -1.72013;
0.000762301 -0.00359973 -1.71811;
0.0023731 -0.00234806 -1.71724;
0.004393 -0.00380164 -1.72131;
0.00156047 -0.000863123 -1.72404;
0.00161912 -0.00477368 -1.72386;
0.00528652 -0.00405892 -1.7229]
